size;malloc;calloc;realloc
1;0;0;0
100001;0;4;0
200001;1;5;0
300001;0;7;0
400001;0;8;0
500001;0;32;0
600001;2;11;0
700001;0;13;0
800001;1;15;0
900001;0;16;0
1000001;1;18;0
1100001;0;26;0
1200001;1;23;0
1300001;0;25;0
1400001;1;31;0
1500001;0;31;0
1600001;1;37;0
1700001;0;97;0
1800001;1;57;0
1900001;0;46;0
2000001;2;56;0
2100001;0;52;0
2200001;1;56;0
2300001;0;58;0
2400001;0;62;0
2500001;0;63;0
2600001;0;137;0
2700001;0;115;0
2800001;3;77;0
2900001;0;142;0
3000001;3;109;0
3100001;1;79;0
3200001;2;82;0
3300001;0;83;0
3400001;1;131;0
3500001;0;114;0
3600001;2;119;0
3700001;0;471;0
3800001;6;636;0
3900001;2;185;0
4000001;5;142;0
4100001;0;138;0
4200001;3;146;0
4300001;0;479;0
4400001;7;829;0
4500001;1;151;0
4600001;4;153;0
4700001;0;175;0
4800001;10;165;0
4900001;0;160;0
5000001;3;301;0
5100001;2;149;0
5200001;4;221;0
5300001;1;181;0
5400001;3;191;0
5500001;0;433;0
5600001;5;377;0
5700001;1;351;0
5800001;4;224;0
5900001;0;167;0
6000001;3;280;0
6100001;1;1202;0
6200001;8;300;0
6300001;0;198;0
6400001;14;354;0
6500001;1;301;0
6600001;5;315;0
6700001;1;291;0
6800001;4;611;0
6900001;5;689;0
7000001;7;406;0
7100001;1;429;0
7200001;4;276;0
7300001;1;263;0
7400001;4;206;0
7500001;0;239;0
7600001;4;328;0
7700001;6;433;0
7800001;5;477;0
7900001;1;349;0
8000001;5;329;0
8100001;1;765;0
8200001;6;455;0
8300001;3;431;0
8400001;5;621;0
8500001;2;668;0
8600001;6;669;0
8700001;1;1137;0
8800001;8;2707;0
8900001;1;965;0
9000001;5;614;0
9100001;1;318;0
9200001;4;312;0
9300001;1;275;0
9400001;3;342;0
9500001;1;287;0
9600001;21;284;0
9700001;0;373;0
9800001;5;301;0
9900001;0;322;0
10000001;3;375;0
10100001;1;348;0
10200001;4;339;0
10300001;0;426;0
10400001;4;359;0
10500001;1;415;0
10600001;4;395;0
10700001;1;369;0
10800001;4;432;0
10900001;1;410;0
11000001;4;410;0
11100001;1;427;0
11200001;5;426;0
11300001;3;474;0
11400001;4;429;0
11500001;1;520;0
11600001;4;472;0
11700001;2;565;0
11800001;4;758;0
11900001;2;881;0
12000001;7;1957;0
12100001;2;2840;0
12200001;7;2609;0
12300001;2;1554;0
12400001;7;1968;0
12500001;2;1238;0
12600001;4;1512;0
12700001;1;1784;0
12800001;5;2169;0
12900001;2;1444;0
13000001;7;1650;0
13100001;2;2335;0
13200001;6;2067;0
13300001;2;3159;0
13400001;5;3190;0
13500001;2;2115;0
13600001;6;2294;0
13700001;2;3249;0
13800001;7;3489;0
13900001;1;4789;0
14000001;22;2953;0
14100001;3;2035;0
14200001;7;3034;0
14300001;3;4508;0
14400001;7;4150;0
14500001;1;3251;0
14600001;8;1775;0
14700001;1;2116;0
14800001;4;3955;0
14900001;2;2938;0
15000001;4;2123;0
15100001;473;2551;0
15200001;7;3460;0
15300001;2;1528;0
15400001;5;1132;0
15500001;25;945;0
15600001;5;893;0
15700001;2;1006;0
15800001;5;981;0
15900001;1;1011;0
16000001;4;988;0
16100001;1;1008;0
16200001;5;1049;0
16300001;2;1032;0
16400001;5;1123;0
16500001;1;1097;0
16600001;29;1110;0
16700001;1;1095;0
16800001;4;1110;0
16900001;1;1104;0
17000001;5;1144;0
17100001;1;1065;0
17200001;4;1102;0
17300001;1;1080;0
17400001;5;1104;0
17500001;2;1148;0
17600001;5;1169;0
17700001;1;1120;0
17800001;4;1160;0
17900001;1;1170;0
18000001;4;1176;0
18100001;2;1261;0
18200001;4;1218;0
18300001;1;1286;0
18400001;5;1235;0
18500001;2;1248;0
18600001;4;1293;0
18700001;1;1687;0
18800001;6;2103;0
18900001;2;1547;0
19000001;5;1392;0
19100001;1;1218;0
19200001;5;1232;0
19300001;1;1286;0
19400001;6;1364;0
19500001;1;1354;0
19600001;5;1420;0
19700001;2;1364;0
19800001;4;1316;0
19900001;1;1546;0
20000001;4;1400;0
20100001;2;1397;0
20200001;4;3224;0
20300001;1;1451;0
20400001;5;1716;0
20500001;1;1594;0
20600001;4;1520;0
20700001;1;1656;0
20800001;4;1309;0
20900001;2;1339;0
21000001;5;1461;0
21100001;1;1823;0
21200001;5;1994;0
21300001;2;1721;0
21400001;5;1640;0
21500001;1;1809;0
21600001;5;1797;0
21700001;1;2359;0
21800001;8;2460;0
21900001;1;2139;0
22000001;4;1447;0
22100001;1;1469;0
22200001;5;2004;0
22300001;1;1864;0
22400001;4;1570;0
22500001;1;1668;0
22600001;4;1785;0
22700001;1;2092;0
22800001;4;1686;0
22900001;1;1735;0
23000001;5;1740;0
23100001;1;1769;0
23200001;4;1707;0
23300001;1;1768;0
23400001;4;2037;0
23500001;1;1794;0
23600001;5;2241;0
23700001;1;2021;0
23800001;4;1687;0
23900001;1;1669;0
24000001;4;1567;0
24100001;1;1938;0
24200001;5;1823;0
24300001;1;1754;0
24400001;4;1709;0
24500001;2;1825;0
24600001;4;1782;0
24700001;1;1723;0
24800001;4;1786;0
24900001;1;1657;0
25000001;5;1722;0
25100001;1;1648;0
25200001;5;1682;0
25300001;2;1692;0
25400001;5;1753;0
25500001;1;1847;0
25600001;5;1875;0
25700001;1;1859;0
25800001;5;1898;0
25900001;1;1870;0
26000001;5;1769;0
26100001;1;1796;0
26200001;4;1743;0
26300001;1;1773;0
26400001;4;1844;0
26500001;1;2113;0
26600001;3;1964;0
26700001;1;2378;0
26800001;4;2827;0
26900001;2;2909;0
27000001;5;2042;0
27100001;2;1958;0
27200001;5;1962;0
27300001;1;2200;0
27400001;6;2830;0
27500001;1;2909;0
27600001;6;3208;0
27700001;1;2684;0
27800001;5;2892;0
27900001;1;2384;0
28000001;6;2093;0
28100001;1;2195;0
28200001;4;1982;0
28300001;1;2088;0
28400001;4;1994;0
28500001;1;1939;0
28600001;5;2115;0
28700001;1;2355;0
28800001;5;2901;0
28900001;2;3454;0
29000001;6;3109;0
29100001;1;4080;0
29200001;5;2485;0
29300001;3;2257;0
29400001;4;2205;0
29500001;1;2288;0
29600001;4;2209;0
29700001;1;2252;0
29800001;4;2167;0
29900001;1;2234;0
30000001;5;2212;0
30100001;2;2420;0
30200001;4;2387;0
30300001;1;2457;0
30400001;6;2626;0
30500001;1;2900;0
30600001;5;3046;0
30700001;2;2998;0
30800001;5;2979;0
30900001;1;3640;0
31000001;6;3150;0
31100001;1;2771;0
31200001;4;2162;0
31300001;1;2164;0
31400001;5;3340;0
31500001;1;2346;0
31600001;4;2446;0
31700001;1;2387;0
31800001;8;2345;0
31900001;1;2413;0
32000001;4;2719;0
32100001;1;2458;0
32200001;5;2348;0
32300001;1;2272;0
32400001;5;2238;0
32500001;1;2349;0
32600001;5;2361;0
32700001;1;2430;0
32800001;5;2270;0
32900001;1;2294;0
33000001;5;2306;0
33100001;2;2472;0
33200001;5;2351;0
33300001;1;2446;0
33400001;5;2338;0
33500001;1;2472;0
33600001;10;5;11626
33700001;5;3;9761
33800001;4;3;9038
33900001;4;3;10200
34000001;7;4;9459
34100001;4;3;9148
34200001;4;3;10298
34300001;4;3;9145
34400001;4;3;9225
34500001;5;3;10369
34600001;5;3;10055
34700001;4;3;9735
34800001;4;3;9349
34900001;4;3;9246
35000001;4;3;10229
35100001;5;3;9276
35200001;4;3;9378
35300001;4;3;10420
35400001;4;3;9553
35500001;4;3;9852
35600001;8;6;12713
35700001;4;3;9997
35800001;4;3;9312
35900001;4;3;9143
36000001;4;3;9470
36100001;4;3;9625
36200001;4;3;9585
36300001;5;3;10563
36400001;8;3;9818
36500001;4;3;9938
36600001;4;3;9974
36700001;5;16;10201
36800001;6;4;12327
36900001;4;3;10343
37000001;4;3;9997
37100001;4;3;11050
37200001;8;5;12240
37300001;5;3;10396
37400001;4;3;11246
37500001;4;3;9961
37600001;4;3;10917
37700001;9;8;11673
37800001;6;5;10448
37900001;5;4;9984
38000001;4;3;10857
38100001;4;3;10397
38200001;11;3;10179
38300001;4;3;10796
38400001;8;5;12109
38500001;8;5;11478
38600001;4;3;11345
38700001;4;3;10365
38800001;4;3;10357
38900001;4;3;10359
39000001;4;3;10152
39100001;4;5;11098
39200001;4;3;12114
39300001;6;3;10810
39400001;4;3;10754
39500001;9;3;10317
39600001;4;4;10570
39700001;8;6;11297
39800001;7;6;10860
39900001;4;3;10740
40000001;6;4;10613
40100001;4;3;10765
40200001;4;3;12579
40300001;7;4;12343
40400001;4;3;11464
40500001;4;3;11391
40600001;5;3;11997
40700001;4;3;13511
40800001;7;4;12767
40900001;4;3;12314
41000001;4;3;12051
41100001;5;4;11892
41200001;8;6;14046
41300001;6;4;11728
41400001;4;3;10913
41500001;4;3;12958
41600001;7;5;12252
41700001;5;3;15399
41800001;9;6;18010
41900001;7;6;12419
42000001;6;3;11976
42100001;5;4;13895
42200001;4;3;11312
42300001;4;6;12019
42400001;7;6;19532
42500001;7;5;15112
42600001;4;3;12607
42700001;5;3;13144
42800001;4;3;13079
42900001;7;5;11856
43000001;4;3;13869
43100001;6;3;13702
43200001;7;5;17911
43300001;4;3;12703
43400001;6;3;17537
43500001;5;3;12812
43600001;5;4;15723
43700001;8;6;14686
43800001;5;3;13831
43900001;5;3;12397
44000001;7;6;11810
44100001;4;3;12098
44200001;4;3;12422
44300001;5;3;13387
44400001;5;4;17293
44500001;6;4;14508
44600001;6;4;12981
44700001;4;3;12455
44800001;5;3;12881
44900001;4;3;12080
45000001;4;3;12350
45100001;7;5;12047
45200001;5;6;11866
45300001;7;4;15443
45400001;6;4;12984
45500001;4;3;14997
45600001;4;3;12813
45700001;4;3;12637
45800001;6;3;14879
45900001;5;3;13057
46000001;4;3;13830
46100001;10;6;14056
46200001;4;3;16394
46300001;7;5;19687
46400001;5;3;12680
46500001;4;3;12343
46600001;5;3;12231
46700001;5;3;15440
46800001;4;4;14580
46900001;7;5;15317
47000001;7;5;14159
47100001;12;5;14998
47200001;4;3;13381
47300001;4;3;14456
47400001;6;3;14537
47500001;6;3;14274
47600001;4;3;13984
47700001;5;3;14581
47800001;5;3;13505
47900001;4;3;13790
48000001;7;3;13147
48100001;13;11;15790
48200001;7;6;13547
48300001;7;5;14073
48400001;5;3;12540
48500001;4;3;14687
48600001;5;3;15099
48700001;4;3;13392
48800001;4;3;13469
48900001;4;3;15075
49000001;5;25;14399
49100001;5;3;13520
49200001;4;3;13340
49300001;4;3;14098
49400001;26;3;13450
49500001;9;3;16036
49600001;4;3;14684
49700001;6;4;15417
49800001;4;3;14166
49900001;5;3;15237
50000001;5;4;15618
50100001;5;3;15578
50200001;14;9;13619
50300001;7;6;21920
50400001;4;3;13511
50500001;5;3;14095
50600001;4;3;13782
50700001;5;3;15356
50800001;6;5;14264
50900001;4;3;14513
51000001;5;3;14578
51100001;4;3;15636
51200001;6;3;17212
51300001;5;7;18800
51400001;5;3;14023
51500001;5;3;15386
51600001;8;3;16277
51700001;4;3;14783
51800001;6;3;13530
51900001;6;3;14323
52000001;5;3;15605
52100001;5;3;14806
52200001;5;6;14658
52300001;12;10;14250
52400001;7;5;13888
52500001;4;3;13585
52600001;4;3;15068
52700001;4;3;14397
52800001;4;3;16616
52900001;5;4;14126
53000001;5;3;14704
53100001;4;3;13850
53200001;4;3;14532
53300001;4;3;13818
53400001;5;3;15205
53500001;4;3;14401
53600001;4;3;15971
53700001;5;4;15550
53800001;5;3;16071
53900001;5;3;14401
54000001;5;3;14681
54100001;4;3;14452
54200001;4;3;15333
54300001;7;3;15194
54400001;13;10;16585
54500001;10;8;14475
54600001;5;3;16187
54700001;7;5;16495
54800001;4;3;16357
54900001;7;5;14743
55000001;4;3;16263
55100001;6;4;16163
55200001;5;3;14152
55300001;5;4;15048
55400001;6;4;17092
55500001;6;5;15750
55600001;4;3;15154
55700001;5;3;14825
55800001;4;3;15589
55900001;4;3;17205
56000001;5;3;15255
56100001;24;3;14829
56200001;4;3;15373
56300001;9;3;15429
56400001;4;3;15684
56500001;10;10;17139
56600001;7;5;15918
56700001;4;3;15628
56800001;8;5;15273
56900001;5;3;15485
57000001;6;4;15845
57100001;5;3;17492
57200001;6;3;17118
57300001;4;25;15087
57400001;4;3;16480
57500001;4;3;15704
57600001;4;3;15967
57700001;4;3;15374
57800001;7;4;16568
57900001;6;3;18639
58000001;29;3;15652
58100001;5;3;15975
58200001;5;3;16526
58300001;4;3;15811
58400001;5;3;15984
58500001;5;3;16769
58600001;13;10;17581
58700001;6;5;16025
58800001;4;3;20062
58900001;6;5;17333
59000001;5;3;15725
59100001;4;3;17850
59200001;5;3;16490
59300001;5;3;15831
59400001;7;5;16314
59500001;4;3;16880
59600001;24;3;18018
59700001;5;3;17938
59800001;5;3;16535
59900001;4;3;18792
60000001;6;3;16421
60100001;5;3;15565
60200001;4;3;16763
60300001;5;4;18056
60400001;5;3;17343
60500001;5;3;17517
60600001;7;5;15938
60700001;10;8;17599
60800001;9;7;17678
60900001;4;3;15946
61000001;4;3;16428
61100001;19;3;19247
61200001;8;5;17524
61300001;5;3;17174
61400001;7;5;18180
61500001;4;3;16869
61600001;5;3;16684
61700001;7;10;19355
61800001;6;3;16825
61900001;6;32;18652
62000001;5;3;16871
62100001;4;3;17839
62200001;5;3;18120
62300001;7;5;18563
62400001;6;3;17949
62500001;8;5;16620
62600001;5;3;17410
62700001;6;4;17518
62800001;9;8;18119
62900001;7;5;16814
63000001;4;3;17187
63100001;8;4;19101
63200001;7;5;18881
63300001;5;3;16517
63400001;4;3;17285
63500001;4;3;18408
63600001;7;5;17090
63700001;4;3;17813
63800001;7;4;19217
63900001;5;3;17255
64000001;4;3;17056
64100001;4;3;16954
64200001;5;3;18234
64300001;5;4;17445
64400001;5;3;19667
64500001;6;4;18649
64600001;5;3;17370
64700001;5;4;17174
64800001;5;3;17399
64900001;9;8;18228
65000001;7;5;18332
65100001;6;4;19178
65200001;4;3;18348
65300001;5;3;17988
65400001;5;3;17788
65500001;4;3;17443
65600001;5;3;20123
65700001;6;3;22374
65800001;5;3;20216
65900001;4;3;19112
66000001;5;3;22902
66100001;5;3;19020
66200001;8;5;18918
66300001;5;4;20215
66400001;5;3;20109
66500001;7;5;25039
66600001;8;5;20239
66700001;6;4;19703
66800001;5;3;19008
66900001;7;4;20670
67000001;12;11;18284
67100001;7;5;6
67200001;3;3;9
67300001;3;3;8
67400001;3;3;4
67500001;3;3;4
67600001;3;3;4
67700001;3;3;4
67800001;3;3;4
67900001;22;3;5
68000001;3;3;5
68100001;3;3;4
68200001;3;3;4
68300001;3;3;7
68400001;5;3;4
68500001;3;3;4
68600001;3;3;5
68700001;3;3;5
68800001;3;3;5
68900001;3;3;5
69000001;3;5;5
69100001;8;8;5
69200001;5;5;5
69300001;3;3;4
69400001;3;3;4
69500001;3;3;4
69600001;3;4;5
69700001;3;3;4
69800001;3;3;4
69900001;3;3;4
70000001;3;3;5
70100001;3;3;5
70200001;3;3;5
70300001;3;3;8
70400001;16;3;5
70500001;3;3;5
70600001;3;3;5
70700001;3;3;5
70800001;3;3;5
70900001;3;3;5
71000001;3;3;5
71100001;3;3;5
71200001;8;13;6
71300001;5;5;4
71400001;3;3;6
71500001;3;3;8
71600001;3;3;4
71700001;3;3;4
71800001;4;3;4
71900001;3;3;4
72000001;3;3;4
72100001;3;3;4
72200001;3;3;5
72300001;3;3;4
72400001;3;3;5
72500001;5;3;5
72600001;3;3;5
72700001;4;4;7
72800001;3;3;5
72900001;3;3;5
73000001;3;3;5
73100001;3;5;5
73200001;3;3;5
73300001;8;8;6
73400001;5;5;4
73500001;3;3;5
73600001;3;3;4
73700001;5;3;4
73800001;3;3;4
73900001;3;3;4
74000001;3;3;4
74100001;3;3;6
74200001;3;3;5
74300001;3;3;5
74400001;5;4;22
74500001;3;3;5
74600001;3;3;5
74700001;3;3;5
74800001;3;3;5
74900001;3;3;6
75000001;3;3;5
75100001;3;3;5
75200001;3;3;5
75300001;3;3;5
75400001;7;8;5
75500001;3;3;6
75600001;3;3;7
75700001;3;3;8
75800001;3;3;4
75900001;3;3;4
76000001;3;3;4
76100001;3;3;4
76200001;3;4;4
76300001;3;3;4
76400001;3;3;4
76500001;3;3;4
76600001;3;3;4
76700001;3;3;4
76800001;3;3;5
76900001;3;3;8
77000001;3;3;5
77100001;3;3;5
77200001;3;3;5
77300001;3;3;5
77400001;3;3;5
77500001;7;7;5
77600001;3;3;4
77700001;3;3;4
77800001;3;3;4
77900001;3;3;7
78000001;3;3;5
78100001;3;3;5
78200001;3;3;5
78300001;3;3;7
78400001;3;3;6
78500001;3;3;5
78600001;3;3;5
78700001;4;3;5
78800001;3;4;5
78900001;3;3;5
79000001;3;4;6
79100001;7;5;7
79200001;3;3;5
79300001;3;3;5
79400001;3;3;5
79500001;3;3;5
79600001;8;8;7
79700001;3;3;6
79800001;3;3;7
79900001;3;3;9
80000001;3;3;4
80100001;3;3;5
80200001;3;3;4
80300001;3;3;4
80400001;3;3;4
80500001;3;3;4
80600001;3;3;4
80700001;3;3;5
80800001;3;3;5
80900001;3;3;6
81000001;4;28;5
81100001;3;3;7
81200001;3;3;5
81300001;3;3;5
81400001;3;3;8
81500001;4;3;5
81600001;3;3;5
81700001;7;7;5
81800001;3;3;4
81900001;3;3;4
82000001;3;3;6
82100001;3;3;4
82200001;3;3;4
82300001;3;3;4
82400001;3;3;5
82500001;3;3;7
82600001;3;3;5
82700001;3;3;7
82800001;3;3;5
82900001;3;3;5
83000001;3;3;5
83100001;3;3;5
83200001;3;3;5
83300001;3;3;5
83400001;3;23;5
83500001;3;5;6
83600001;3;4;8
83700001;5;5;8
83800001;12;9;6
83900001;6;5;6
84000001;3;10;8
84100001;3;3;8
84200001;3;3;4
84300001;3;3;4
84400001;3;3;4
84500001;3;3;4
84600001;3;3;5
84700001;3;3;5
84800001;3;3;5
84900001;3;3;5
85000001;3;4;5
85100001;3;4;5
85200001;3;3;5
85300001;24;3;7
85400001;3;3;5
85500001;3;3;6
85600001;4;3;5
85700001;3;3;8
85800001;5;3;5
85900001;7;7;5
86000001;3;3;4
86100001;3;3;4
86200001;3;3;4
86300001;3;3;5
86400001;7;3;5
86500001;3;3;4
86600001;3;3;5
86700001;3;3;7
86800001;3;3;5
86900001;3;3;5
87000001;3;3;7
87100001;3;3;5
87200001;3;3;5
87300001;3;3;5
87400001;3;3;5
87500001;3;3;5
87600001;3;3;5
87700001;5;5;19
87800001;3;3;5
87900001;3;3;5
88000001;7;7;5
88100001;3;3;6
88200001;4;3;7
88300001;3;3;9
88400001;3;3;4
88500001;3;3;4
88600001;3;3;4
88700001;3;3;4
88800001;3;3;6
88900001;3;3;5
89000001;3;3;4
89100001;3;3;5
89200001;3;3;4
89300001;3;3;5
89400001;3;3;5
89500001;3;3;9
89600001;4;3;5
89700001;3;3;5
89800001;3;3;5
89900001;3;3;5
90000001;3;3;5
90100001;7;7;5
90200001;3;3;4
90300001;3;3;4
90400001;3;3;4
90500001;3;6;19
90600001;3;3;5
90700001;3;3;5
90800001;3;3;5
90900001;4;3;8
91000001;4;3;7
91100001;3;3;5
91200001;4;4;6
91300001;3;3;6
91400001;3;3;5
91500001;3;3;6
91600001;3;3;8
91700001;4;3;6
91800001;3;3;5
91900001;3;3;6
92000001;3;3;6
92100001;4;3;5
92200001;8;10;6
92300001;4;3;6
92400001;3;3;7
92500001;3;3;8
92600001;3;3;4
92700001;3;3;4
92800001;3;3;6
92900001;3;3;18
93000001;3;3;5
93100001;3;3;4
93200001;3;3;4
93300001;3;3;4
93400001;3;3;7
93500001;3;3;5
93600001;3;3;5
93700001;3;3;7
93800001;3;3;5
93900001;3;3;5
94000001;3;3;6
94100001;4;3;5
94200001;3;3;5
94300001;7;7;5
94400001;3;3;4
94500001;3;3;5
94600001;3;3;5
94700001;3;5;5
94800001;3;3;5
94900001;3;3;5
95000001;3;3;5
95100001;4;3;8
95200001;3;3;5
95300001;5;3;18
95400001;3;3;5
95500001;3;3;5
95600001;3;3;5
95700001;3;3;5
95800001;3;3;7
95900001;3;3;6
96000001;3;3;5
96100001;3;3;5
96200001;3;3;6
96300001;3;3;5
96400001;7;7;5
96500001;3;3;6
96600001;3;3;7
96700001;3;3;13
96800001;4;4;7
96900001;4;3;7
97000001;5;5;6
97100001;4;3;5
97200001;3;3;5
97300001;6;4;6
97400001;3;3;5
97500001;3;3;5
97600001;3;5;6
97700001;3;3;5
97800001;3;3;5
97900001;3;24;9
98000001;3;4;6
98100001;3;3;5
98200001;3;3;5
98300001;3;3;5
98400001;5;3;5
98500001;7;7;5
98600001;3;3;5
98700001;3;3;5
98800001;3;3;5
98900001;3;3;5
99000001;3;5;5
99100001;3;3;5
99200001;3;3;5
99300001;3;3;8
99400001;3;3;5
99500001;3;3;5
99600001;3;3;6
99700001;3;3;5
99800001;3;3;5
99900001;3;3;5
